[.###] (0,2,3) (1,2) (0) (0,2) (1,3) {32,23,39,9}
[#.#...#] (0,1,4,5,6) (1,4,6) (1,3,6) (1,2,5) (1,2,3) (4) (1,3,5,6) (0,1,2,4) (2,3,4,5,6) {23,74,43,39,55,46,57}
[#..#] (0,2) (2,3) (0,1,2) (1) {19,10,26,7}
[#.#..###.] (2,3,4,5) (3,4,5) (0,1,2,3,5,6) (1,3,7) (0,1,3,7) (0,1,4,5,7,8) (0,1,3,6,7,8) (1,2,3,5,6,8) (0,2,5,6) {59,48,29,42,22,50,38,35,27}
[#.##.##.#.] (1,3,5) (0,3,6,8) (2,4) (4,6) (0,1) (0,1,2,3,5,7,8) (0,1,2,4,5,9) (0,2,3,4,5,6,7) (0,1,2,4,7,9) {223,223,207,208,40,200,21,185,187,27}
[##.....##] (0,1,3,5,8) (0,5,7) (0,1,3,6,7,8) (0,1,2,4,5,7) (3,4) (0,2,3,4,5,6) (2) (1,2,3,4,5,6,7,8) (0,1,5,7,8) {233,37,212,203,204,237,193,47,23}
[#...####] (0,1,2,4,5,7) (0,4,5,6,7) (0,2,3,7) (2,3,4,5,6) (1,2,6) (2,6) (0,4,6,7) (1,4,5,7) {46,27,64,34,50,34,60,52}
[.#####] (0,2,3,5) (0,3,4) (2,3,4) (1,2,3,5) (1,2,4,5) (0,1,4) {15,30,31,33,23,22}
[#####] (0,3) (0,1,4) (2,3) {4,2,12,14,2}
[#.##....#.] (0,2,3,5,6,7,8,9) (0,2,7,9) (0,1,2,3,4,5,6,9) (0,4) (0,1,5,6,9) (0,2,3,5,8,9) (0,2,4,6,7,9) (0,1,3,4,5,6,7,9) (0,1,3,4,6,7,9) (0,1,3,4,7) (2,3,8) (2,3,4,5,7) {186,151,64,189,174,37,149,176,27,162}
[....###] (3,4,5) (0,3,4) (1,3,4,5,6) (1,2,3,4,5) (0,2) (1,2,6) (1,2,3,5,6) (0,2,3,5,6) (0,1,2,3,5) {50,55,76,64,35,56,29}
[#....] (0,1,4) (0,4) (1,2,3) (1,3,4) (0,1,2,3) (4) {30,188,167,176,44}
[##....] (2,4) (1,3,4,5) (0,3,4,5) (1,3,5) {13,25,14,38,39,38}
[.....##.#] (0,3,5,6,7,8) (1,2,7) (2,3,4,6,7) (0,1,2,4,5,6,8) (0,1,2,3,5,6,7) (0,1,2,6) (3) (0,1,4,5,6,7,8) {61,66,57,55,38,57,72,77,38}
[#.##] (3) (0,1,2) (1,3) (0,2) {6,21,6,36}
[..#..##.] (0,3,5,7) (0,1,3,5,6,7) (1,2,3,5,6,7) (1,3,7) (2,3,7) (4,6) (2,6) {18,27,13,32,7,21,33,32}
[.##..#...] (0,1,2,3,4,5,6) (0,1,2,4,6,7,8) (0,2,3,4,5,6,7) (3,4,7,8) (0,4,8) (0,1,2,4,5,6,7) (1,4,5,6,8) (0,4,5,6,7) (1,3,4,5,7,8) (1,2,3,4,6,7,8) {197,74,54,63,253,65,71,65,221}
[..###.] (0,1,4) (0,4) (3,4) (1,3) (0,2,5) (2,3,4) {21,15,18,24,37,2}
[##...#.##.] (0,3,5,6) (1,2,3,4,6,7,8,9) (0,2,5,6,7,8,9) (0,5,7) (0,1,2,3,6,7,8) (1,2,3,4,5,8,9) (1,4,7) (0,4,5,9) (0,1,2,3,4,5,6,7,9) (0,2,4,7,8,9) (1,3,7) {189,67,165,71,51,182,171,199,149,160}
[.#.##..###] (2,5,7,8,9) (2,3,4,6,8,9) (0,7) (0,1,2,3,4,5,6,7,8) (0,3,4,7) (1,2,3,8,9) (0,1,2,4,5,8,9) (0,2,3,4,5,6,7,9) (0,1,3,4,5,6,7,9) (0,5,6,8) (5) (5,6,9) {94,54,81,85,77,106,91,83,74,97}
[#....###] (2,3,4,5,6,7) (3,6,7) (0,4,5,7) (2,5,6) (0,1,2,3,4,5) (0,2,4,5,6,7) (0,1,2,7) {34,16,39,19,32,37,28,37}
[#.#.##.#..] (0,3,5) (0,4,6,9) (1,2,4,5,9) (1,4,5,6,7,9) (2,6,7) (0,1,3,4,5,7) (0,1,2,3,5,7,9) (0,3,4,5,6,8) (1,5,6,7,8,9) {53,206,176,41,211,219,57,64,17,198}
[#..##.###] (0,1,5,6) (0,3,5,6,8) (3,4,6) (0,3,8) (1,2,3,4,6,7,8) (0,1,3,4,6,8) (0,3,4,6,8) (0,3,4,6,7) (1,2,3,4) (1,2,5,7) (0,1,2,3,4,6,7,8) {236,218,32,93,74,192,242,19,52}
[......#.] (0,2,3,6,7) (0,4,5,7) (1,5) (1,4,5) (0,4,5,6) (0,2,3,5) (1,6) {26,38,21,21,18,39,27,16}
[#.#.....] (6) (0,1,2,4,5,7) (2,5,6) (0,2) (0,2,3,4,5,6,7) (0,3,4,5,7) (0,3) (2,5) (0,1,2,4) {56,22,41,25,42,33,26,28}
[..#..#.#.] (0,1,3,4,5,8) (1,5,8) (2,3,7) (0,1,2,3,4,7,8) (0,1,2,3,4,5,7) (2,3,5,6,7,8) (1,6) {40,195,67,72,40,58,153,67,63}
[..#.] (0,2) (0,3) (1,3) (0,1,2) (1) (0,1) {22,39,17,6}
[####..##.] (1,2,4,7,8) (0) (1,5) (0,3,4,5,6,7) (0,1,2,5,7,8) (0,1,4,6,7,8) (0,2,3,7) (4,8) (0,5,6) (0,1,3) (0,1,2,3,4,6,7,8) {253,237,70,56,217,59,203,248,218}
[######...] (1,4,5,7,8) (0,1,2,3,5,6,8) (0,7) (0,1,2,5,8) (2,3,4,5,6,8) (0,2,3,4,5,7,8) (1,3,4,5,7,8) (2,8) {25,30,36,30,25,41,15,23,50}
[.###.#.#.] (0,2,3,5,6,7,8) (0,2,3,4,5,6,7) (1,2,3,4,6,8) (1,2,3,5,7) (0,1,2,3,4,5,7) (1,3,4,5,6) (0,1,2,3,4,6,8) {33,39,43,58,50,51,41,36,7}
[#.#..] (0,1,4) (1,3,4) (0,2) (2,3,4) (0,1) {44,32,18,6,20}
[..###.#.] (1,2,3,6) (1,3,4,5,6) (1,5) (1,4,6) (0,1,3,4,5,7) (0,1,4,5,7) (0,1,3,5,6) (6,7) (0,1,2,4,5,6) (0,2,3,4,6,7) {51,80,38,62,48,65,79,34}
[.###.#....] (0,1,2,3,5,6,8,9) (0,1,3,4,5,7,8,9) (3,6,9) (2) (2,5) (1,3,9) (0,7,9) (0,1,3) (7,8,9) (1,2,3,4,5,6,8) (1,4) (1,2,4,5,7,8,9) (2,3,5,6,8,9) {40,89,70,76,63,74,40,58,80,84}
[..##..#] (0,2,3,4,6) (1,2,3,5) (0,1,2,3,4) (0,2,3,4,5) (0,2,3,4,5,6) (5,6) {36,21,47,47,36,37,43}
[###.] (2) (1,2) (1,3) (3) (2,3) (0,2) {0,27,143,130}
[##.#] (0,1,3) (0,2,3) (1,3) {157,28,146,174}
[.###.##] (0,5) (1,4,6) (2,3,5) (0,3,4,5,6) (0,3,4,5) (2,5) (0,1,3) {200,3,32,209,196,232,3}
[#.##] (1,2,3) (1) (0,2,3) (1,2) (0,3) {28,26,42,35}
[..###..#.] (0,1,2,3,5,6,7) (0,1,5,6,7) (0,2,7,8) (3,6) (0,6,8) (0,2,5) (0,1,2,3,4,5,6,7) (1,3,4,7) {59,40,36,52,27,33,59,51,26}
[#..#.#.###] (0,2,3,4,6,7,9) (3,8) (1,2,4,6) (3,9) (0,3,7) (0,1,5,6,9) (9) (1,2,4) (1,8) (1,2,4,7) (0,1,2,4,5,7,8,9) {39,44,53,55,53,17,29,35,30,62}
[....#] (0,1,2,3) (0,1) (2,3) (2,4) (0,2,4) (0,1,3) (1,2) {64,54,77,49,38}
[...##.##.] (0,2,4,6) (2,4,6,8) (4,5,7) (1,4,5) (2,3,5,6,7) (0,2,3,4,5,6,7) (0,1,2,3,5,6,8) (1,4,8) (1,3,5) (1,2,4,7,8) {39,36,65,33,89,63,57,51,34}
[...####] (3,4,5,6) (0,1,2,3,4) (3,4) (0,2,3,4,5) (0,2) (1,3,4,5) (2) (1,3,4,5,6) {10,32,16,73,73,53,35}
[##...#.#] (1,2,3,4,5,6) (0,2,3,4,5,7) (0,2,3,5,6,7) (0,1,2,4,5,6,7) (2,6) (0,1,3,5,6) (1,3,4) (6,7) (0,3,5) {35,31,20,44,28,37,37,31}
[#.#....#..] (0,1,2,3,4,5,6,7,8) (0,3,4,5,9) (0,1,5,6,7,8) (2,4,6,7,8,9) (8) (0,1,3,4,5,6,7,8,9) (0,2,7) (1,2,6,7,9) (0,1,3,4,5,6,7,8) (4,5,8,9) {35,35,36,10,19,30,36,49,29,31}
[..##] (0,2) (1,3) (1,2,3) (1) (0,1,3) (2,3) {11,53,30,52}
[#..#..##] (0,1,3,5,6,7) (0) (1,2,4,6,7) (0,1,2,4,5,6) (1,2,3,5,6) (3,4) (2,7) (1,2,4,5,6,7) (2,3,7) (1,4,7) {21,46,56,33,41,27,36,59}
[#.####] (1) (1,5) (1,2,3) (1,3,5) (0,3,5) (0,2) (0,1,2,3,4) (1,2,3,4,5) {24,59,28,44,11,42}
[...#.##..#] (1,4,5,8) (0,2,3) (0,5,7,9) (3,4,5,7,8,9) (0,3) (0,2,5,6,9) (2,4,6,8,9) (1,2,4,8,9) (0,3,5,6) (6,9) (0,2,4,6,8) {56,23,44,30,49,43,56,5,49,43}
[.#..#] (1,2,3,4) (2,3) (0,1,3,4) {15,15,13,28,15}
[#####...#] (0,1,2,3,5,6,7) (2,5) (3,6) (1,3,4,5,6,7) (2,3,4,6) (0,2,5,6,7,8) (0,2,4) (0,3,4,6,7,8) (0,1) {15,14,25,36,23,16,37,13,5}
[.##.#..#] (1,4,6,7) (0,2,3,6) (0,1,2,3,5,7) (1,2,3,5,6,7) (0,1,2,3,5,6,7) (0,3,6) {41,27,29,45,7,20,51,27}
[.####.] (0,2,3,5) (0,1,2,3) (1,4,5) (0,1,2,4,5) (2,3,5) {39,24,54,44,13,46}
[##.####] (0,2,4) (0,1,3,5,6) (0,2) (4,6) (0,3) (0,1) (1,6) {48,32,18,20,188,8,206}
[.###.#] (0,1,2) (1,2,3,5) (1,2,3,4,5) (1,2,3,4) (0,3,5) {33,40,40,43,12,33}
[.#.#...] (1,2,3,4,6) (0,2,3,6) (0,1,2,5,6) (0,1,4,6) (0,1,2) {36,35,33,17,19,16,44}
[#..#.#] (2,4) (0,2,4,5) (0,3,5) (1,2,4,5) {10,2,23,7,23,12}
[..##] (2,3) (0,1,2) (0,2,3) {12,5,16,11}
[.###...] (6) (0,1,2,4,6) (2,3,4,5) (0,4,6) (3,4,5) (1,2,3,4,5) (0,2) (0,2,4,5) {43,27,63,50,93,68,173}
[#.###.#] (3,5,6) (2,6) (4) (0,1,3,4) (0,2,3,5,6) (2,3) (5) (0,1,3,4,5) (1,3,4,5) {20,24,25,51,25,49,23}
[####.#] (1,2,3) (0,1,3,4,5) (0,2,3) (0,5) (1,2,3,5) (0,1,2,4) {46,28,25,35,24,27}
[..#.#] (0,3,4) (1,2) (0,2,3) (0,4) (1,3) (2,3,4) {33,21,31,43,39}
[###.] (0,3) (1,2) (0,1) (1,2,3) (0,2) {33,42,34,26}
[##..#] (0,1,3,4) (4) (0) (2) (3,4) {205,9,8,14,23}
[#.###.##] (3,6) (1,2,5,6) (0,1,3,4,5,7) (0,3,4,6) (3,4,5,6,7) (0,2,4,5,6) (2,3,4,6) (0,1,2,6) (0,1,2,3,4,5,7) (0,1,2,5,7) {80,74,73,70,76,82,79,57}
[.##...] (1,5) (1,3,5) (0,2,4) (0,3,4,5) (0,1,2,3,5) (4,5) {34,26,22,35,45,54}
[...#.] (2,4) (3,4) (3) (0,1,3) (1,3,4) {5,127,11,159,150}
[#.....###] (0,1,2,3,5,6,7,8) (0,1,2,3,4,6) (0,2,3,5,6,7,8) (0,2,7) (0,1,2,3,4,5,6,8) (0,1,3,5,6,7,8) (0,2,3,7,8) (1,3,5,6,8) {70,55,58,72,16,51,58,54,65}
[###.] (1,2) (0,1,2) (1,3) (0,3) {27,38,33,12}
[###.#.] (0) (0,1,3,5) (2,3,4) (1,2,5) (1,2,3,4) (1,5) (1,4) (3,5) {32,48,28,49,18,52}
[########.] (0,1,2,5,7) (0,1,2,5,7,8) (0,2,8) (0,1,3,4,6,7,8) (3,4,6) (1,2,3,4,5,7) (0,1,3,4,5,7,8) (0,1,2,4,5,6,8) {94,85,82,42,59,74,38,68,76}
[#..#.] (0,4) (2,3,4) (3,4) (1,3,4) {3,0,20,33,36}
[##.#.#] (1,2,4,5) (0,3,5) (1,3,4) (1,2,3,5) (0,1,5) {29,47,22,33,29,51}
[...#..##.#] (0,1,2,3,4,5,7,9) (1,5,6,7,8,9) (2,4,7,9) (1,9) (1,3,4,5,6,7,8,9) (0,1,3,4,5,6,7,8) (0,2,3,4,5,6,7,8,9) (5,6,7,9) {21,51,33,31,48,50,44,67,42,75}
[##.#] (0,2) (0,1,3) {3,2,1,2}
[##..#.#] (1,3,4,6) (0,1,3,4,5,6) (0,3,4,5) (0,2,3) (0,1,3,6) {42,22,7,46,26,22,22}
[#.##..##..] (0,1,2,3,4,5,6,8,9) (4,7) (0,1,3,4,6,8,9) (0,2,3,4,5,6) (0,2,5,6,8,9) (0,4,5) (0,8,9) (1,2,6,8,9) {41,5,23,21,42,34,24,9,13,13}
[#.#####.] (3) (0,5,6) (1,4,5) (4,6) (0,1,2,3,4,6) (0,2,3,4,5,6,7) (0,2,3,4,6,7) (1,2) {211,32,225,220,213,32,213,199}
[.#####..#.] (0,1,2,3,4,7,8) (0,2,3,4,5,7,9) (3,6,8,9) (0,2,5,6,7,8,9) (8,9) (0,2,4,6,7) (1,2,3,6,8,9) (0,3,4,8) (0,1,2,3,4,5,7,8,9) (1,2,3,4,5,6,8,9) (0,1,5) (3,7,8) {180,57,179,93,176,54,158,183,102,83}
[#...#] (0,1,2,4) (0,1,3) (0,2,3,4) (1,4) (0,2,4) (0,2,3) (0,4) {224,206,202,26,213}
[...#.##..#] (0,2,3,5,8,9) (0,1,2,4,6,7,8) (1,2,3,4,5,7,8,9) (0,1,3,5,7,9) (0,1,3,5,7,8,9) (0,1,6,8) (0,2,3,6,7,8,9) (0,2,3,4,5,6,7,9) (1,2,3,5,6,7,8,9) (0,1,2,3,4,6,8,9) (0,1,7) {82,97,78,79,49,63,61,88,88,79}
[#.#..#.###] (0,1,2,3,4,6,7,9) (0) (0,1,2,3,5,6,8,9) (1,2,3,4,5,6,8) (4,6,7,8,9) (1,2,4,7,9) (1,4) (1,5) (0,1,3,4,5,7,8,9) (0,1,3,4,6) (2,3,4,5,6) {49,74,60,52,88,42,68,45,48,59}
[###.] (0,1,2) (0,1,3) {8,8,8,0}
[#.#....] (2,3,4,5,6) (0,2,3,6) (1,2) (0,3,4,5,6) (2,3,6) (1,4,5,6) (2,3,4) {13,20,52,59,54,47,68}
[###.####.#] (1,2,3,4,6) (0,2,3,5,8,9) (1,2,3,5,6,9) (0,1,2,4,5,6,7,9) (3,4,7,8,9) (0,1,2,3,4,6,8,9) (0,1,2,4,7,8,9) (1,2,4) {45,49,67,58,51,32,26,33,59,73}
[.##.#] (0,1,3) (1,2) (1,2,4) (2,3) (2,4) (0,2,3,4) {31,194,210,32,45}
[.....#] (3,5) (0,2,4,5) (0,1,2,4,5) (1,3,5) (1,3,4) (1,5) (0,2,3,4,5) (0,2) {36,42,36,44,38,43}
[#.#..#...] (3,6) (0,2,3,4,6,7,8) (2,3,6,7) (0,1,2,3,5,7,8) (4,6,7,8) (1,2,4,5,6,7) (6,8) (1,3,4,5,7,8) (1,3,5,6) (1,3) {15,38,25,52,59,36,74,63,73}
[.##..#.#.] (0,1,2,4,5,6,7,8) (1,2,8) (5,7) (0,1,2,4,5,6,7) (0,2,3,4,6,7) (0,3,4,5,7,8) (2,6,7) {32,36,62,15,32,46,43,72,37}
[###...#.] (0,3,4,5,6,7) (5,7) (3,6,7) (0,1,4,5,6) (0,1,2,3,4,6) (1,5) (0,2,4,5,6,7) (0,1,2,3,4,5,6) (2,4,5) {42,25,44,36,52,80,56,61}
[........##] (0,1,2,3,5,6,8) (3,5,6,8,9) (8) (0,2,3,5,6,7,8,9) (0,1,2,3,4,8,9) (0,1,2,4,5,6,9) (4,9) (0,2,8,9) (3,6) (1,3,4,7) (0,1,2,4,5,7,9) (1,2,3,8) (2,6) {59,55,77,76,57,54,68,24,62,84}
[#.######] (6,7) (4,5,6) (0,1,2,5) (0,2,3,6) (2,4,7) (2,4,5) (2,3,4,5,6) (0,1,4,5,6,7) {29,16,41,22,46,34,49,34}
[##...##] (0,3,4,5) (3,5) (1,2) (0,2,3,5,6) (0,1,2,3,5,6) (0,1,4,5) {60,34,35,56,32,69,28}
[##.#..##.#] (0,1,2,4,5,7,8) (0,5,6,9) (1,3,4,9) (0,1,5,6,7,8) (2,4) (0,2,6,9) (1,4,5,6,8) (1,4,8) (0,3,5,7,9) (5,6,7,8,9) (0,2,6,8) (2) {49,37,41,17,35,44,50,36,56,38}
[.###.] (1) (1,3,4) (0,1,2,3) (0,1) (0,1,2) (3,4) {53,76,34,40,25}
[##....##..] (0,4,6,8) (2,3,5) (1,2,3,4,6,7,9) (0,2,3,4) (1,9) (0,1,3,7,8,9) (4,6,9) (0,1,2,3,4,5,7,9) {32,27,14,27,36,3,31,21,27,37}
[.###.##.] (0,6) (0,2,3,5) (1,6) (2,4) (0,1,2,4) (1,3,4,6,7) (3,5) (1,2,3,6,7) (0,3,4,7) {32,38,149,51,141,28,43,23}
[.#.######] (3,4,5,6) (0,7,8) (5,8) (0,1,4,5,8) (4,5) (0,2) (3,5,6,8) (4,7) (0,1,2,5,8) (0,3,4,8) (0,1,6,7) {74,37,18,41,61,68,42,33,66}
[..#..#] (1,5) (0,2,3,4,5) (2,5) (2,3) {11,124,32,31,11,136}
[.#.##..] (1,3,6) (0,1,2,4,5,6) (2,3,4,6) (1,2,3,4,5,6) (1,3,4) {20,178,173,171,181,160,183}
[.###.#] (1,4,5) (1,2,3,5) (0,2) (0,4) (2,5) (0,1,2,5) (0,2,3,4) {54,42,53,18,47,51}
[.......#.] (0,1,2,3,4,6,7,8) (1,2,6,8) (1,3,4,6,7) (0,1,3,6) (0,2,6,8) (1,2,5,7) (0,7,8) (1,2,3,4,5,6,7,8) (0,1,2,3,4,6,8) {46,72,52,53,40,21,65,49,39}
[#....#] (4,5) (1,2,3,4,5) (0,2,3,5) (3) (1,2,3,4) (0,1,2,3,5) (0,2,4) {32,46,63,61,61,53}
[.#.##] (0,1,2,3,4) (0,2) (1,3,4) {194,179,194,179,179}
[#.##.#.##.] (2,3,4,5,6,8,9) (2,3,4,6,7,8,9) (0,1,3,4,6,8) (5,7) (1,2,5,7,8,9) (1,3,5,8,9) (0,2,3,4,7,9) (4,5) (0,3,5,7,9) {175,172,45,215,207,59,195,53,207,62}
[##.#.] (0,1,3,4) (0,1,2,4) (0,1,3) (1,4) {135,139,117,18,126}
[##.#...##] (0,3,5,6) (3) (0,2) (0,1,2,4) (0,1,3,5,8) (0,1,7) (1,4,8) (0,1,5,7,8) (0,6,7) (2,5,7) (0,1,2,4,5,6,7,8) {235,227,50,32,48,197,35,208,193}
[....#.#..#] (0,4,7,8) (3,6,8,9) (1,4,5,7,8,9) (0,2,5,6,7,8,9) (2,4,5) (0,1,5,6,8) (2,4,7) (3,4,5,7,8,9) (1,3,9) {35,46,28,30,41,59,37,44,65,62}
[..#...] (0,3,5) (1,2,3,4) (4,5) (3,4,5) (2) (0,3) (3,5) (0,1,2) {23,37,55,47,40,28}
[.#......##] (0,2,3,5,6) (3,4,5,9) (2,4,5,6,9) (0,1,2,3,6,7) (1,3,4,5,6,7,9) (0,1,2,3,5,6,7,9) (1,2,3,6,7,8) (1,2,3,4,5,7,8) (0,1,2,3,6,8) (2,3,7,8,9) (0,1,3,4,5,6,7,9) (0,1,3,4,7,8,9) (0,1,2,5,6,7,8) {50,57,72,82,55,65,69,55,51,67}
[#..#.#] (0,4,5) (0,3) (2) (3,4) (0,1,4) (1,2) (1,3) {38,115,106,32,44,19}
[###..##] (0,1,3,4,5) (0,1,6) (0,1,2,5,6) (1,6) (0,2,3,4) (2,3,4,5,6) (0,1,4) (0,2,3,4,5,6) (0,1,2,4) {61,57,58,32,60,29,49}
[###...#...] (1,3,4,6,8) (0,3,4,5,8,9) (1,7,8) (1,2,3,6,7) (3,4,5,6) (0,1,4,6,7,8,9) (0,2) (4) (0,4,5,6,7,8,9) (1,2,3,4) {26,38,21,38,57,35,51,51,39,23}
[....#.##.#] (0,1,2,3,5,6,7,8,9) (1,2,4,5,6,7) (1,5,9) (0,1,3,5,6,7,8,9) (4,6,7,9) (1,8,9) (0,2,6,7,8) (2,3,6) {26,48,56,23,35,36,74,61,38,45}
[..#.#.##.] (0,1,2,7,8) (1,4,6,8) (0,1,2,3,6,7,8) (0,2,3,8) (1,2,3,5,6,7) (1,2,3,4,8) (3,5) (0,1,6,7,8) (0,3,4,5,6,7,8) (0,2,3) {80,72,76,93,48,33,67,60,97}
[#.#.####] (1,2,3,5,7) (0,1,3,4,6,7) (1,3,4,5,6,7) (3,7) (0,1,2,3,4,6,7) (0,5,6,7) (0,1,2,4,6,7) (6,7) {26,37,22,35,35,19,59,61}
[#.##..#.] (0,1,3,4,5,7) (0,3,4,6) (3,5) (2,5) (0,1,3,5,7) (0,1,2,3,4,5,7) {23,19,18,23,22,19,4,19}
[.#.#.##..] (1,2,3,6,8) (1,2,3,4,5,6) (0,2,3,4,5) (0,3,4,5,6) (1,4,6,7,8) (1,2,3,6) (0,2,7) {27,42,61,55,25,24,49,14,12}
[.#.#] (0,1,2) (1,3) {17,18,17,1}
[##.##.#.#] (1,2,3,4,7) (2,3,8) (0,4,8) (0,1,2,3,7,8) (0,5) (0,1,6) (6,7) (1,2,6,8) (0,3,4,7) (1,2,3,4,7,8) {60,59,58,53,29,17,52,55,54}
[#..#.#] (0,4) (1,3) (0,1,2,3,4) (0,2) (0,1,2,3) (1,2,4,5) (0,4,5) (2) {43,53,47,35,45,38}
[#.#..#..] (0,1,2,3,6,7) (1,2,3,5,6,7) (1,2,3,4,5,6) (3,4) (0,2,3,5,7) (0,1,2,6,7) {35,202,206,210,188,175,202,36}
[..#.##....] (1,4,6) (0,2,5,6,7,8,9) (2,6,7,8) (0,1,2,3,4,6,7,8,9) (3,4,5,6,8) (0,2,7,9) (2,3,5,6,8) (7,8) (1,3,5,6,8,9) {38,24,65,48,40,41,79,56,76,40}
[#.#.#..] (0,2,4) (0,1,2) (4,5) (1,3,4,6) (1,2,3,4,6) (0,2,3,4,6) {22,39,38,30,42,3,30}
[..########] (0,5) (0,1,5,9) (0,1,3,7,8) (0,3,4,5,6,7,8,9) (0,1,3,5,6,7,9) (2,4,6) (1,3,4,5,6,7,8,9) (2,9) {180,159,19,49,31,172,34,49,46,175}
[###...#] (1,2,3,4) (0,1,2,5,6) (1,3,5) (0,3,6) (0,1,5,6) (2,3,4,6) (2,5) (1,4,6) {30,50,29,30,29,37,58}
[..##.] (1,3,4) (3,4) (1,4) (0,4) (2,3) (3) {13,25,1,149,176}
[.##.#] (1,2) (0,3,4) (1,2,4) (1,2,3,4) {6,137,137,11,127}
[##..] (0,2,3) (1,2,3) (1,2) (0,1) {166,29,157,156}
[##.#.] (2,3) (0,1,2) (0,1,4) (0,3,4) (1,2,3,4) (1,2) (0,1,3) {14,43,51,38,22}
[..##.....] (1,2,3,7,8) (0,1,2,3,4,5,6) (0,1,2,3,6,7) (4,5) (1,4,6,7) (0,5) (0,1,4,7,8) (1,7) (0,1,2,3,5,7,8) {49,86,42,42,47,45,39,73,28}
[..##.] (0,1,4) (0,1,3) (2,3) {17,17,6,13,10}
[#..##.#..] (2,3,5,7) (1,7) (0,1,4,5,6,7,8) (0,1,2,4,7,8) (0,4,6) (0,1,2,4,5,7,8) (5,6,7) (0,2,4,5,6,7) (2,3,4,6,7) (0,2,7) {33,36,56,31,46,48,43,89,22}
[##..###.] (3,4) (0,1,2,6,7) (0,1,4,5,6) (2,4,7) (0,2,3,4,5,7) (0,1,2,7) (1,5) {48,40,35,28,55,30,29,35}
[.#...##] (3,5) (0,1,5,6) (0,2,3,5,6) (0,1,2,4,5,6) (1,2) (1,2,4,5,6) {39,38,31,22,20,55,39}
[#...#.#.##] (0,2,3,7,9) (1) (0,2,4,6,7,9) (0,3,4,5,7,8) (1,4,6,9) (1,2,3,7,8,9) (2,3,7,9) (3,4,7) (6,7,8) (0,2,3,6,8,9) {40,38,61,69,51,11,53,89,56,70}
[...#.] (0,1) (0,3) (0,2) (1,2,3) (3) (3,4) (1,2) {26,26,19,47,0}
[..#..#] (0,4) (1,2,5) (3,5) (2,5) {0,7,20,6,0,26}
[#.######.#] (3,7,8) (0,2,3,4,5,6,7,9) (0,1,3,5,6,8) (3,4,9) (6,8) (1,2,3,4,7,8) (1,2,4,5,6,8) (1,2,3,5,6,7,9) (0,8) (4,5,9) {14,17,28,60,62,39,25,42,38,52}
[#.####] (2) (0,4) (1) (0,2,4) (3,5) (0,1,2,5) (1,3,5) {125,138,119,22,15,132}
[##.#.##] (4,5) (0,2,3,5,6) (0,5) (0,1,3,6) (0,1,3,4,6) {186,29,141,170,23,165,170}
[#.#.#] (0,3) (2,4) (0,2,4) (1,4) (1,2,4) {13,109,29,0,135}
[...#.#..##] (1,3) (2,4,5,8,9) (2,6,8) (0,2,3,8) (0,3,5,6,9) (0,1,2,4,7,8,9) (0,4,8) (0,2,6,7,9) (0,1,2,3,4,6,8,9) (0,1,3,4,5,6) (0,4,5,7,8) (0,2,3,4,6,7,8,9) {101,50,87,58,84,41,77,47,96,76}
[.#.#] (1,2) (0,1) (0,3) {28,20,8,16}
[#.#####.] (2,7) (1,3,6,7) (1,4) (1,2,3,6) (0,2,3,4,5,6) (0,4,5,6,7) (1,3,7) (0,3,4) (1,4,7) (1,3,5,7) {31,84,32,77,66,28,51,65}
[##..] (1,3) (0,1,3) (0) (1,2) (1) (0,2) {40,45,33,18}
[.###.] (0,2,3) (0,4) (0,1,2) (1,2,3) {25,8,27,23,2}
[.#.#.] (0,1,2,3) (0,2) (0,1,4) {32,30,14,12,18}
[###.#.#.] (1,3,7) (2,3) (0,1,3,4,5,6,7) (0,2,3,4,6,7) (0,1,5) (0,4) {28,12,23,31,24,11,14,15}
[..#.##.] (1,2,3,4,5) (0,2,3,5,6) (0,1,3,4,5) (0,1,2,3,5,6) (4,5,6) (0,3,4,6) (0,4,5) (0,1,2,5,6) {56,36,47,64,42,62,59}
[##.#.] (0,3,4) (0,1) (2,4) (2,3,4) {15,0,16,19,31}
[..#......#] (0,1,3,4,7,8) (0,1,4,5,8) (0,4,5,6,9) (1,3,5,8,9) (1,2,3,6,7,8) (1,2) (3,4,5,7,8,9) (2,4,5,7) (1,2,4,6,7,9) (0,2,4) (1,2,4,6,8,9) {14,55,52,32,45,30,24,30,37,48}
[.##.##.#] (0,1,2,3,4,5,6) (0,7) (2,3,5,6) (2,4) (0,2,3,5,6) (1,4,5,6,7) (0,2,3,4,5,6) (1,3,6) (5,7) (0,1,3,4,5) {48,40,46,56,55,65,67,28}
[..#.#] (0,2,4) (2,4) (3) (1,2,3,4) {5,187,195,198,195}
[..##] (0,2) (1,2,3) (2,3) (2) (1,2) {19,13,60,29}
[##..] (0,3) (2,3) (0,1) {16,5,20,31}
[....#.] (0,1,2,5) (3,4) (0,1,2) (0,1,3,4,5) (2,3) {185,185,195,22,6,171}
[####.....] (0,5) (0,1,3,4,5,6,7,8) (0,2,4,5,6,7) (0,1,2,4,6,7,8) (3,4,6,7) (2,4,5,6,7,8) (4,5,6,7) (2,3,8) (0,1,7) (0,1,3,4,5,7) (1,2,3,4,5,6) {42,46,56,65,90,94,78,72,44}
[...#..] (1,3,4) (0,2,3,4) (0,1,2) (0,4,5) (2,5) {37,21,42,29,40,27}
[......#.#.] (2,3,4,9) (0,3,4,6,9) (1,2,3,5) (2,5) (1,2,3,5,8,9) (1,4,6,7) (2,3,4,5,6,7,8,9) (0,5,9) (1,3,5,6,8) {35,19,59,55,42,69,32,16,29,74}
[...###.] (0,3,4,5,6) (0,1,2,3,4,6) (1,3,4,5,6) (0,2,3,4,6) (1,3,5,6) (1,4) (0,1,2,4,5,6) {178,29,12,196,185,186,197}
[.#..#.#] (1,4,5,6) (3,4) (1,2,3,4) (0) (1,3,4,5) (2,6) (0,1,4,5,6) (0,1,4,5) (0,6) {37,34,21,13,43,33,61}
[#.....] (2,3,5) (0,1,2) (0,2,4) (0,1) (3,5) (2,3,4,5) (0,2,4,5) {34,21,53,23,19,23}
[.##.....#.] (0,2) (2,3,6,8) (0,2,4,6,7) (0,3,4,7) (5,7,9) (0,2,3,7,8,9) (1,6,8) (3,4,5,8,9) (1,4,8,9) (0,3,5,6,8,9) (1,4,6,7,8,9) (0,1,2,8) (1,3,7) {55,57,55,49,42,13,43,78,64,56}
[#.##] (0,2,3) (1,3) {1,13,1,14}
[##.#] (0,2) (0,1,3) {19,15,4,15}
[#..#..##] (0,3,4,7) (0,5) (0,1,2,3,5,7) (1,2,7) (1,2,3,5) (0,1,2,3,4,5,6) (2,3,5,7) (1,4) {47,84,83,73,41,69,12,67}
[.#.#.#.#.] (2,8) (1,2,3,4,5,7,8) (4,8) (1,3,5,7) (0,1,2,8) (0,2,6,7) (0,3,7) {22,16,111,34,18,16,4,38,123}
[.#..#] (2,4) (0,1,3) (1,2) (3,4) (0,1) {31,41,23,33,28}
[.###....#.] (2,4,5,6,8,9) (0,1,2,3,6,7,9) (0,2,3,5,6,8,9) (0,1,2,3,4,7) (4,6,7) (0,6,7,8,9) (1,2,3,4,7,9) (1,5,6,7) (2,4,6,7,8) (1,4) (0,2,3,4,5,6,8,9) (0,1) (0,3,4,5,6,7,8,9) {18,36,49,30,72,41,64,55,38,48}
